uid	mid	timeStamp	star
1722994	1306505	2007-08-22	5.0
1405477	10574468	2013-04-24	4.0
15849871	4910186	2011-12-20	5.0
1068524	1304643	2006-02-07	3.0
1307041	1851857	2008-09-22	4.0
1700174	3324130	2010-11-23	4.0
16124523	6860160	2013-03-10	4.0
1562429	1296339	2007-05-28	5.0
1475205	1907467	2008-06-01	4.0
17734699	10574622	2012-12-20	4.0
1484972	5352872	2012-12-19	4.0
1430026	2131650	2010-09-08	4.0
1015409	4004731	2011-11-19	4.0
1371835	1767064	2007-04-24	4.0
17046536	3022862	2011-07-05	4.0
1442320	3901459	2012-11-29	3.0
1320952	2154354	2011-06-18	5.0
1853678	3990500	2010-01-18	3.0
1713100	1972729	2012-02-12	5.0
1090897	1301578	2009-03-20	3.0
1920971	10491666	2012-06-28	5.0
1622026	1972729	2013-04-02	4.0
1789507	1388216	2007-09-24	5.0
10163586	3897667	2010-03-17	3.0
1478286	1296867	2010-06-20	3.0
1685299	2357304	2008-10-12	3.0
1801254	3182864	2010-08-23	4.0
1355147	1291546	2008-01-15	5.0
19556493	1417598	2009-11-07	5.0
1123794	1291869	2006-04-28	4.0
18122670	1451430	2010-05-22	4.0
1923514	1329562	2009-02-08	3.0
13403785	1298525	2011-05-05	4.0
1488111	3289086	2010-09-04	3.0
1218581	2264715	2008-12-09	4.0
1936450	4906427	2012-04-08	4.0
1363814	1412579	2013-02-16	3.0
14340544	4920528	2012-06-16	3.0
10974825	1297574	2012-02-09	4.0
1700330	1921382	2010-03-10	3.0
1425739	5308265	2013-02-10	3.0
1743332	1882503	2007-08-26	4.0
1509359	1293124	2009-04-21	3.0
1467703	1291552	2009-10-30	4.0
1397163	1315316	2007-01-22	5.0
1256060	1812031	2007-09-19	4.0
1016432	10740251	2013-04-21	3.0
1208936	1296987	2009-05-27	5.0
1299248	4904662	2011-09-26	4.0
1232922	3602965	2011-11-02	5.0
1005696	4319218	2011-08-16	4.0
1181216	20378817	2013-04-08	3.0
1544888	4010954	2012-04-24	5.0
1095232	1309011	2006-03-04	5.0
1298658	1417946	2008-02-28	5.0
1856606	1291569	2007-09-22	4.0
14235472	3271273	2010-11-28	5.0
1135922	5360033	2011-12-17	3.0
1832573	1294353	2009-06-21	3.0
1188040	1301630	2011-05-10	3.0
1703381	3569969	2011-02-25	3.0
1778437	1889152	2010-04-06	4.0
15325220	1297747	2011-02-15	5.0
1539935	1292677	2012-09-20	3.0
1376775	4821379	2011-05-11	4.0
1391104	3412830	2010-12-04	3.0
14667392	3184594	2010-07-22	5.0
1539657	1298128	2008-08-18	4.0
1551353	2038365	2008-10-08	4.0
1244527	1305978	2007-12-22	4.0
11420116	6040982	2012-09-08	3.0
1072112	1468155	2006-04-29	3.0
1769372	1817253	2008-09-24	3.0
1341564	1769531	2007-08-10	3.0
1952965	1303394	2007-11-05	5.0
1828988	2340969	2012-03-07	4.0
1018163	2062677	2010-06-27	3.0
1412245	1308819	2007-06-17	3.0
1403194	1309171	2007-01-30	4.0
1679350	1308843	2008-01-12	3.0
1285225	1292722	2006-10-17	3.0
1183610	2357162	2009-12-16	4.0
1256620	1292625	2009-11-18	3.0
1733183	1862151	2007-08-04	4.0
1482474	1309046	2012-05-03	3.0
1421487	1294963	2007-02-14	3.0
18088237	5989843	2012-05-24	3.0
1037369	3986125	2012-01-09	4.0
1514165	1295242	2007-12-13	4.0
1539935	1917171	2012-11-29	5.0
1011608	1300299	2010-02-23	4.0
15400541	2336735	2011-11-11	3.0
1625504	1291557	2008-09-29	4.0
1668468	2132495	2008-11-02	5.0
1097581	1309016	2011-02-26	5.0
1440054	1441017	2007-07-19	5.0
1184427	1483982	2012-06-18	4.0
1491880	1766522	2011-06-07	3.0
1092050	2147121	2007-10-03	4.0
1656336	5193573	2009-07-24	5.0
1395840	1786740	2008-03-11	3.0
10558322	1291552	2012-12-23	5.0
1626011	3560787	2009-03-05	5.0
1018543	3819939	2010-12-21	4.0
1193508	1782004	2006-09-04	5.0
1482273	1464368	2011-03-01	4.0
13685843	1306160	2009-09-27	3.0
1277426	1300193	2011-02-05	4.0
1645044	3148571	2010-05-11	4.0
1649435	4190211	2011-02-24	4.0
1488785	5416070	2011-12-27	5.0
1485399	1787441	2010-04-26	3.0
1016432	6394339	2013-02-28	3.0
1578159	1940867	2009-01-07	4.0
1040532	2210031	2007-10-29	3.0
12183154	1291832	2009-11-11	5.0
1194866	1820145	2008-02-18	5.0
1423865	3075287	2011-08-04	4.0
1097867	1302476	2010-02-16	5.0
1697648	10727268	2013-02-27	5.0
12568060	1292281	2010-06-21	4.0
1016278	19961360	2013-01-07	4.0
14285756	1301345	2010-07-15	4.0
1346603	1464837	2007-11-05	5.0
1565605	2998253	2012-03-31	5.0
1071442	1292206	2008-09-05	5.0
1084547	1291578	2006-05-23	3.0
1984315	1449381	2008-05-30	4.0
1146361	1291841	2007-07-21	4.0
1174148	1294639	2006-05-30	5.0
1094673	1293015	2010-09-06	5.0
1864240	3550132	2012-03-23	4.0
1575162	2297275	2009-04-21	4.0
1442320	4264147	2010-02-07	4.0
1343113	1293839	2010-02-03	4.0
1046168	1294477	2008-07-04	5.0
1091952	4812830	2011-12-03	4.0
1442218	3911336	2010-11-19	4.0
1049086	1421469	2008-01-15	3.0
13975680	1292401	2009-09-29	5.0
1355916	3017651	2011-03-19	3.0
1062738	1792936	2009-08-16	3.0
13680312	3793023	2010-08-07	5.0
1451966	3313801	2009-02-06	4.0
1247944	3642835	2012-05-27	4.0
1315286	2122836	2011-05-28	5.0
10718064	1845597	2009-11-14	5.0
1489793	1304643	2008-06-25	3.0
1698467	1298070	2008-04-26	5.0
1470863	6870278	2012-11-25	5.0
1514174	4151110	2010-10-17	3.0
1059916	3749943	2012-08-08	3.0
1297538	5344178	2010-12-27	4.0
1190759	5969394	2012-11-05	4.0
1367277	1869467	2010-04-05	4.0
1314390	3734350	2009-06-14	5.0
1065922	1292271	2008-01-24	4.0
16872610	4294119	2010-11-11	4.0
1283607	1305934	2006-10-15	4.0
11097979	1292365	2009-09-16	5.0
1053086	1308777	2005-12-21	4.0
1639564	3039805	2010-02-16	4.0
1112625	1437204	2006-06-12	3.0
1443279	1395546	2010-04-17	4.0
1500440	1340517	2012-03-31	3.0
1914511	1865943	2007-11-02	4.0
11941550	3649049	2012-07-14	4.0
1275227	1793909	2007-09-05	4.0
1648524	1291546	2010-02-17	5.0
1371918	1316572	2011-01-31	5.0
1161266	1298989	2009-12-11	4.0
1178078	1299327	2008-05-22	4.0
1700031	3011235	2011-08-15	5.0
1205390	1306047	2010-08-19	4.0
1805593	3007819	2009-04-25	3.0
1491153	1308047	2007-12-07	4.0
1140480	3742360	2010-12-20	4.0
1133232	6522269	2012-05-30	5.0
1107398	4304302	2011-07-20	4.0
1128442	1293372	2012-08-09	3.0
1757026	1308587	2010-07-18	4.0
1141690	1292828	2006-04-17	4.0
1189127	2132426	2012-09-03	3.0
16353817	4847665	2013-01-10	5.0
1130104	1767002	2012-10-25	4.0
1346653	6794392	2012-11-05	5.0
1444697	3197783	2009-08-07	3.0
1328727	3193101	2009-11-14	4.0
1625694	1303203	2013-01-23	3.0
1698329	1812031	2010-03-03	5.0
1299170	1294376	2006-10-30	4.0
1233601	2209573	2013-01-30	4.0
12792627	2229437	2010-02-13	4.0
1773155	2357711	2008-11-05	5.0
1294492	1461031	2013-04-21	3.0
1963828	1968438	2009-10-31	3.0
1074611	1309060	2009-09-17	4.0
1546597	1307914	2007-05-09	5.0
1681911	1295253	2012-04-12	5.0
1415871	1294534	2007-02-06	5.0
1367640	1303773	2008-09-18	3.0
13984991	2129039	2010-05-14	5.0
1271969	1865012	2008-10-13	3.0
1326004	3610047	2011-07-31	3.0
1025727	1294917	2010-02-06	4.0
1984912	2134294	2010-05-21	3.0
1860713	1892807	2010-03-06	3.0
1196699	1291868	2009-11-10	5.0
1694936	19962285	2012-09-29	4.0
1188419	2033822	2011-06-06	3.0
1313911	1291561	2008-02-29	3.0
13319192	1585236	2010-12-15	4.0
1573782	3103186	2012-06-06	3.0
1461935	6129693	2011-12-16	5.0
17734699	3730636	2012-11-27	4.0
1432940	3111355	2009-12-16	4.0
1494761	1292659	2007-12-11	5.0
1425472	1301169	2011-09-07	3.0
1381050	3777800	2010-05-11	4.0
1112907	1296569	2006-03-17	3.0
1765236	3023164	2011-12-18	4.0
1419434	3875047	2011-01-08	3.0
1062449	4845820	2010-12-06	3.0
1065338	1427818	2008-11-30	3.0
15157006	2213597	2009-10-10	5.0
15233857	3240208	2010-04-04	3.0
1425489	4047267	2010-05-20	3.0
1480262	1297689	2007-05-04	4.0
1072112	2993217	2009-12-02	3.0
1429649	2027938	2008-03-07	4.0
1340768	1393859	2006-12-08	5.0
1029578	1293555	2005-10-02	4.0
1121157	1298898	2007-05-17	4.0
1466423	1299327	2007-06-09	5.0
1345829	1301345	2006-12-14	4.0
15773176	3041281	2011-05-03	3.0
1255664	1296359	2012-01-14	3.0
1179493	1301867	2007-02-07	5.0
17734699	1309297	2011-05-16	4.0
1309106	2077776	2007-11-28	5.0
15187405	3041806	2010-02-02	4.0
1565974	2326212	2009-07-10	4.0
1043162	1292268	2009-03-14	4.0
1487236	1946066	2012-02-25	4.0
1395031	2144242	2009-01-29	4.0
1513318	1300282	2013-01-14	4.0
1931068	1303053	2009-11-27	3.0
1758324	1292286	2007-12-16	4.0
1696531	2229482	2009-02-19	4.0
13918364	1297363	2009-10-07	3.0
1937973	1309015	2011-08-09	4.0
1046713	1297689	2005-11-11	3.0
1634875	1418834	2012-08-11	4.0
13016799	1786735	2013-05-01	3.0
1670346	1309043	2009-02-03	4.0
1965898	1830587	2010-10-11	3.0
18102005	1459368	2010-01-21	4.0
1059541	1865108	2006-10-21	4.0
1751413	2326676	2010-07-12	5.0
1052231	5395243	2011-11-21	3.0
1383407	1980825	2012-07-22	4.0
1933725	2028645	2010-10-19	4.0
1400615	3002885	2011-05-18	3.0
1256620	1316510	2009-05-23	4.0
1816068	6846495	2012-03-14	5.0
1091444	2244739	2010-08-04	3.0
1385956	1301753	2007-01-19	4.0
1814515	1306029	2012-05-23	5.0
1097728	1293839	2011-12-30	5.0
1034334	1465829	2011-07-07	3.0
1636695	2028669	2013-03-31	3.0
1218199	3274505	2011-12-18	4.0
1207606	1303695	2010-03-27	4.0
1435915	10344754	2013-05-13	3.0
1048894	1301174	2010-02-25	5.0
1622630	2237966	2009-10-25	3.0
1625694	6386345	2013-01-16	3.0
1731009	1291548	2010-12-28	4.0
1490267	10573695	2013-01-02	4.0
1807675	1297304	2012-01-29	4.0
1016278	2363876	2013-01-26	4.0
1773057	3013046	2008-11-09	3.0
1234676	1302054	2011-11-21	4.0
1025780	2156528	2009-07-01	5.0
1327807	1428878	2008-01-10	4.0
1843947	1309203	2009-02-05	4.0
15125251	3007809	2012-07-31	4.0
1840266	3148748	2011-02-20	4.0
1519786	3820554	2012-08-04	3.0
14582037	3564151	2012-03-08	5.0
1434985	1768351	2010-03-23	5.0
1780414	1307649	2012-11-14	4.0
1091855	1418192	2009-01-29	4.0
1221508	4317070	2010-10-31	3.0
1195387	3072086	2009-11-08	4.0
1412112	1293013	2009-07-05	4.0
1071097	1291853	2006-04-14	4.0
1341564	1308804	2007-02-04	5.0
11757710	1292720	2009-11-23	5.0
1853505	3742360	2010-12-18	5.0
1641914	2157131	2009-02-07	3.0
1035146	1432146	2008-06-07	4.0
1725379	1305690	2013-01-23	4.0
1772003	6390761	2011-10-03	4.0
1429871	2078864	2009-02-18	4.0
11458928	1981242	2009-09-13	3.0
1236516	4057312	2010-07-18	5.0
1420217	1292371	2009-02-28	3.0
1268401	1308005	2010-12-15	3.0
1595401	2080133	2007-11-09	4.0
1551370	3543690	2009-11-22	3.0
1774452	2028840	2009-12-12	3.0
1443120	2010972	2011-10-17	3.0
1371498	1689787	2009-05-14	3.0
1492330	1950525	2008-03-07	3.0
16220630	1291835	2011-03-24	4.0
15164245	3075287	2011-08-21	4.0
1039078	1301409	2013-03-03	4.0
11020654	3005875	2009-11-23	4.0
1439522	4718369	2012-09-16	3.0
1155670	1309172	2006-06-03	4.0
1439197	3148038	2010-08-04	4.0
1626439	2070367	2008-04-21	4.0
1655481	1304282	2009-01-30	3.0
1096989	1309101	2006-11-29	3.0
11226693	6890730	2012-11-10	3.0
1571097	3231742	2013-05-04	4.0
1914253	2373267	2011-07-30	5.0
1428345	3543690	2009-09-21	4.0
1080722	1308743	2006-01-14	4.0
1124842	3268249	2008-12-13	3.0
1754936	1329950	2008-03-16	3.0
1799837	1998363	2009-01-21	4.0
1701245	1295280	2008-07-28	3.0
1949837	1293135	2009-04-02	4.0
1015866	2252747	2008-07-16	5.0
1270358	4896304	2012-03-04	3.0
1091657	1292474	2006-12-30	4.0
1016278	10549253	2013-05-07	3.0
1505361	1301753	2010-04-09	4.0
1539935	1461351	2012-10-11	3.0
1373854	1777612	2007-03-29	4.0
1426455	1427816	2007-10-08	5.0
1450659	1301464	2008-11-16	5.0
1390224	1857175	2009-11-15	5.0
1160714	3205624	2011-01-14	5.0
1541135	1305553	2007-05-07	3.0
1457677	3814389	2011-08-19	5.0
1227496	4825008	2011-09-26	3.0
1772008	1308632	2009-05-29	4.0
11788292	4258485	2010-09-22	4.0
1950697	1297763	2009-10-20	3.0
1259619	1307427	2007-08-22	4.0
1212200	1299643	2006-10-31	3.0
15097135	6519487	2012-08-20	3.0
1793073	1866471	2011-05-14	3.0
1398811	1981361	2007-04-01	4.0
1249619	1309070	2010-05-26	4.0
1331450	1908318	2008-09-04	4.0
1848351	3439943	2009-09-20	5.0
1595158	1905462	2008-11-14	5.0
1272162	1296987	2006-10-02	3.0
1386860	1466394	2011-11-30	3.0
1166594	1306631	2006-05-17	5.0
1029978	4724739	2011-04-02	5.0
1324508	1418622	2007-04-30	5.0
1511195	20451283	2013-04-30	4.0
1412783	3147969	2012-01-07	3.0
1362033	3230462	2009-02-15	4.0
1073694	1300082	2006-06-09	4.0
1357791	1329562	2009-05-13	3.0
1470542	6869395	2012-11-29	3.0
1412628	1796939	2009-07-20	4.0
1716546	2055017	2007-10-27	4.0
1619240	1464368	2009-12-13	4.0
1269401	3610047	2011-09-29	3.0
1565794	1867415	2008-07-15	4.0
1243257	1858711	2010-06-27	5.0
1416754	3074303	2009-05-30	4.0
14602898	3395373	2012-08-29	5.0
1567654	1293658	2009-02-16	4.0
1220573	2311214	2008-01-02	3.0
1330525	1891179	2009-01-23	4.0
1849616	2027938	2008-02-15	4.0
14407572	6782006	2012-03-01	3.0
1846968	1498831	2008-10-02	4.0
1398758	1291830	2009-03-31	4.0
1162488	1292055	2008-12-16	4.0
1920610	2053515	2008-10-24	4.0
1587844	1473297	2013-04-07	4.0
1318234	1291560	2012-03-25	5.0
1733469	3285020	2010-12-09	5.0
1176224	1291575	2008-09-05	3.0
1233809	3017339	2008-08-23	5.0
1063713	1298644	2007-01-24	4.0
1129412	1484420	2009-10-13	5.0
1304776	3829499	2010-10-17	4.0
1078506	1303910	2006-01-28	3.0
1249867	1476973	2008-04-22	3.0
12069101	1297052	2012-01-28	4.0
1102909	6011805	2012-12-01	4.0
16442136	4824223	2011-02-18	4.0
1793023	1292064	2010-02-03	4.0
15400541	1302802	2012-05-31	4.0
10486601	3349190	2011-01-09	4.0
1391630	1890784	2007-12-02	5.0
1156029	1482072	2009-02-28	4.0
1112625	1963937	2008-07-19	4.0
1142775	4196227	2011-04-23	4.0
1424974	2060181	2010-02-13	4.0
1970304	5344178	2010-11-27	3.0
1778402	1309004	2007-12-23	3.0
1766109	3299241	2010-01-22	4.0
1808477	1294639	2011-11-26	5.0
13240551	2373209	2010-10-03	4.0
1355104	1984466	2009-06-08	4.0
1001002	2161696	2009-07-20	3.0
1806628	1432699	2011-07-06	4.0
1244861	5150481	2011-11-05	5.0
1478830	4769314	2011-12-18	5.0
1268860	1307906	2006-12-01	5.0
1197409	1949320	2011-07-22	3.0
1193209	1294693	2013-03-16	4.0
13423252	4023638	2011-03-05	4.0
1681092	2209573	2009-03-03	4.0
1478165	6778677	2011-10-06	5.0
1146506	6068497	2011-06-21	4.0
1386400	1293867	2007-02-20	3.0
1477702	1292348	2012-07-30	5.0
1772506	2156528	2010-06-27	4.0
1625694	3578981	2013-01-23	3.0
1196927	1437342	2010-05-11	4.0
13258622	1292370	2010-01-25	5.0
1955086	1291847	2011-06-30	4.0
1724295	1441238	2013-04-03	5.0
1825094	1297574	2009-01-10	3.0
1346905	3102668	2009-12-20	4.0
1081421	1299837	2006-03-12	5.0
1825541	5036969	2012-12-20	4.0
1018163	1295253	2008-01-01	3.0
1237215	1292728	2007-05-27	3.0
1102403	1308851	2006-06-24	3.0
1680812	2026932	2013-01-25	3.0
1311649	6522269	2012-04-20	5.0
1142682	2131291	2011-02-04	3.0
1045028	1295229	2009-12-19	3.0
1398288	1307739	2008-07-23	4.0
1478208	1291835	2009-01-07	4.0
1099929	1292434	2006-03-10	5.0
1724278	2060184	2012-06-17	3.0
1079591	1300106	2012-09-09	4.0
16943300	1305248	2009-10-29	4.0
10673764	3541415	2010-09-12	4.0
1294909	2269035	2010-06-17	3.0
10015280	1302795	2011-01-22	3.0
1224937	3602965	2009-03-22	5.0
1372393	1309203	2009-01-28	3.0
1444367	1304141	2008-07-28	5.0
1094385	1308817	2006-02-07	3.0
1630418	1299603	2010-08-24	4.0
1046914	1292434	2007-04-14	4.0
1599546	1857099	2008-03-08	3.0
1117083	1292722	2007-04-07	5.0
1028048	1292401	2007-07-02	5.0
1518025	1428976	2010-01-02	3.0
1379431	3806598	2009-06-21	3.0
1639938	4967578	2011-02-10	5.0
1831795	3073158	2012-05-20	3.0
1368001	3168089	2011-07-27	3.0
1371060	1305902	2012-04-23	3.0
1319405	5265193	2011-04-13	4.0
1395840	1305265	2008-03-28	3.0
1239663	1927686	2007-03-04	4.0
1508260	6085356	2012-11-18	4.0
1380928	1307456	2008-07-28	3.0
1077601	1291843	2009-01-21	4.0
1841296	4829835	2012-06-18	4.0
1403315	4253448	2011-02-09	3.0
1097525	2267155	2008-12-15	5.0
1686617	1418200	2009-07-19	3.0
1840240	1945253	2007-12-26	5.0
1098660	1863102	2007-12-25	3.0
1335809	6971305	2012-11-15	5.0
1524390	2279772	2009-04-14	3.0
1476811	1309060	2011-02-18	5.0
10464792	1864343	2012-10-15	3.0
17124846	1292215	2012-05-25	5.0
1450909	3053454	2010-07-28	3.0
1485565	4233625	2011-05-03	4.0
1384009	1291874	2007-04-02	5.0
1372066	3078514	2012-05-15	3.0
17734699	3011091	2011-08-01	5.0
14302381	19955821	2012-12-18	5.0
1837480	1300220	2008-06-09	4.0
1114759	1296882	2008-01-12	4.0
1226932	1296629	2011-10-04	5.0
1552466	1298644	2012-03-12	3.0
1617983	2209368	2010-05-14	4.0
1789750	2365068	2010-11-29	3.0
1186143	3184572	2008-09-22	4.0
1679402	1304022	2007-10-17	4.0
1839306	2251924	2011-02-25	3.0
1087188	1303808	2009-06-17	3.0
1299815	1890240	2008-02-23	4.0
1253122	1302193	2012-11-10	5.0
1025796	1292468	2007-12-06	4.0
17734699	2365260	2011-01-15	5.0
1766174	1807959	2007-08-15	3.0
1369583	1295713	2007-01-02	5.0
1176710	1307106	2006-09-19	5.0
1409987	1293838	2007-02-02	3.0
1335783	1937621	2008-01-28	3.0
1079395	1293632	2006-07-18	5.0
1097236	1297359	2006-02-12	5.0
1379761	1786735	2011-02-14	4.0
17712053	1305605	2010-03-31	5.0
1244527	1303029	2009-04-08	4.0
1181019	1861401	2006-11-07	4.0
1013477	1761671	2013-02-06	5.0
1117022	1308790	2006-03-13	4.0
1016879	1301974	2005-09-30	4.0
1829915	1849959	2008-11-05	4.0
15270403	1418834	2012-05-01	5.0
1974751	2344755	2011-07-16	4.0
10464792	1471815	2013-02-21	4.0
1194562	4914468	2012-08-12	4.0
1062922	1316563	2006-10-26	3.0
1445289	1308784	2009-05-06	3.0
1045204	1292217	2008-09-09	4.0
1656430	4226741	2010-01-08	4.0
1845631	1578507	2007-10-11	4.0
11020654	1308820	2012-11-11	3.0
1919056	1302930	2010-03-13	4.0
14164772	3006772	2009-09-30	4.0
1581505	3641108	2011-12-27	3.0
1109429	3649049	2012-01-20	3.0
1026038	1292444	2010-11-12	4.0
1016278	6013489	2012-10-25	5.0
18120858	1301231	2012-08-04	4.0
1251880	1578503	2008-04-06	4.0
1339530	1766086	2007-11-01	3.0
1374000	3148748	2010-05-17	5.0
1159050	1866475	2009-07-13	4.0
1221460	1478174	2011-11-28	4.0
1046914	6858739	2012-09-12	4.0
1016432	5913003	2012-08-25	4.0
1580604	2173157	2010-05-31	5.0
1258137	1394819	2006-12-29	3.0
1633050	1309020	2008-09-15	5.0
1097535	1439831	2008-05-29	4.0
13765719	2280468	2011-05-05	3.0
1090649	1299725	2010-08-09	4.0
1109779	3792799	2011-01-14	3.0
1499600	2133390	2009-12-02	3.0
1694092	3068206	2012-02-09	5.0
1565974	2346881	2011-01-14	3.0
1373968	3129853	2012-11-25	3.0
18069888	2028666	2010-02-23	5.0
1704894	1308130	2008-01-29	4.0
1251683	1864199	2011-06-06	4.0
1935580	1305724	2009-05-09	4.0
1463233	2132894	2011-09-09	5.0
1474290	1962832	2009-12-05	4.0
1105135	1293964	2012-03-10	4.0
1276992	1309053	2007-08-01	3.0
1001679	1293475	2009-02-03	3.0
1027939	4237043	2010-06-05	5.0
1948731	3892394	2010-01-13	5.0
1417907	5965670	2012-07-21	5.0
1418899	1305526	2007-05-29	3.0
1345767	1424406	2010-08-04	3.0
18122291	2990287	2011-07-15	4.0
1116029	5975464	2012-03-15	4.0
1519736	1306612	2008-11-20	3.0
1914253	1844413	2009-05-04	5.0
1398190	1292983	2008-05-19	3.0
1404847	1309202	2010-08-26	4.0
1016278	3530403	2013-02-01	4.0
1769927	1449381	2008-06-08	5.0
1180142	1293867	2007-10-10	3.0
1776883	5397537	2013-04-13	5.0
17153034	23090008	2013-04-04	3.0
1458848	1293147	2009-08-21	4.0
1014791	2010975	2009-10-17	4.0
1801253	4136036	2012-04-11	3.0
1022767	10540066	2013-03-20	3.0
10583154	3205624	2011-03-02	3.0
1161687	1891211	2008-12-17	4.0
1359774	1303590	2009-03-29	5.0
1209238	1578507	2010-03-01	4.0
1346653	4256328	2011-01-14	5.0
1201069	1293182	2009-05-25	5.0
1344794	1293323	2006-12-27	4.0
1549416	3541415	2010-09-05	5.0
1430026	1305735	2009-12-02	3.0
1692288	4316520	2010-04-15	3.0
1919056	2156663	2010-07-11	4.0
1174250	1292722	2006-05-23	3.0
1015279	1308860	2010-07-10	3.0
1256620	1316510	2009-05-23	4.0
1642613	3024610	2010-06-09	5.0
1207504	7155241	2012-02-28	4.0
1710015	3073875	2010-11-25	4.0
1529556	1892578	2008-11-28	4.0
1017583	1297229	2009-07-23	4.0
1157330	1951318	2009-07-12	5.0
1379652	1870436	2010-08-04	4.0
1641087	3439943	2011-02-12	4.0
1584939	1291549	2009-09-01	5.0
1419565	2365260	2008-04-28	5.0
1004433	1292679	2005-07-14	4.0
17734699	2154774	2011-05-16	5.0
1256620	1900180	2010-01-14	3.0
1532695	1291552	2008-02-13	4.0
14967782	1468650	2012-09-02	4.0
1196919	1298405	2008-12-17	3.0
1427000	5316829	2011-04-08	4.0
1846458	5385604	2012-07-28	5.0
11579166	3992226	2009-11-28	4.0
1265198	3599099	2010-07-24	4.0
1299273	1294323	2012-12-02	4.0
1299980	3569911	2013-01-04	4.0
1388322	1307332	2008-04-23	4.0
1063404	3324091	2009-02-21	3.0
1161266	1464540	2009-03-23	4.0
1432620	1860582	2010-01-17	5.0
1457618	1308833	2009-09-16	3.0
1931419	4218768	2012-07-03	3.0
1087080	1294262	2008-07-22	5.0
1769449	1303394	2012-12-13	5.0
1248328	2253807	2009-09-21	4.0
1100847	1422957	2006-03-25	3.0
1567931	1954775	2009-07-12	4.0
1495298	2132495	2009-04-18	4.0
1421723	1296112	2011-11-28	4.0
1181738	1308755	2010-07-29	3.0
1198306	2074009	2009-01-26	3.0
13888096	1927369	2011-11-29	3.0
1000226	4196227	2011-05-15	4.0
1893652	1300741	2012-07-15	4.0
1713137	3263410	2010-02-20	4.0
10529421	1294417	2010-03-20	4.0
10583154	1864290	2010-01-11	4.0
1398186	2129039	2009-09-17	5.0
1442320	1292697	2009-10-18	5.0
1513281	3560787	2009-06-26	5.0
1000905	1307920	2008-07-10	4.0
1825788	3430271	2010-12-04	4.0
1241740	3158990	2009-02-22	5.0
1518170	2018131	2008-07-04	4.0
1155324	1292440	2013-05-04	4.0
1595793	1299062	2009-12-25	4.0
1252786	1783772	2007-11-04	4.0
1399771	1292270	2009-01-30	5.0
16220630	2354897	2011-03-24	3.0
1832918	3072124	2012-05-23	5.0
1250714	1394324	2008-10-07	3.0
1714696	1308366	2009-10-06	4.0
1750787	1307739	2010-07-25	3.0
1206005	4226741	2010-01-09	5.0
1180142	1863941	2009-11-19	4.0
1925829	1889424	2009-04-27	3.0
1096081	2147619	2009-09-27	5.0
1590005	4206436	2012-02-15	3.0
1131503	1297052	2008-05-29	5.0
1875458	1292338	2010-08-17	5.0
1256620	1293908	2010-01-14	5.0
1093770	1297102	2006-05-13	5.0
1115921	1756073	2006-04-07	5.0
1271587	3718665	2010-10-02	4.0
1372131	1305724	2008-07-28	4.0
1800664	1301168	2009-01-20	3.0
1483987	3005875	2009-11-30	4.0
14426204	1292286	2010-03-29	5.0
1644648	1298624	2012-06-20	4.0
1706152	2381835	2009-04-23	4.0
1427432	1431718	2008-08-12	4.0
1198306	1939414	2008-05-02	3.0
1580604	1294408	2009-08-23	5.0
1564071	1474189	2008-08-07	4.0
1061596	1890157	2011-02-19	3.0
1050660	10574468	2013-03-24	3.0
1684333	2279152	2007-07-25	5.0
1422368	1867408	2007-12-14	3.0
1668139	4709904	2011-05-27	5.0
1839167	1291566	2009-04-23	5.0
1294931	1295374	2011-09-26	5.0
1135116	1305086	2007-07-30	3.0
1307234	1292523	2008-12-24	4.0
10204069	1292720	2010-02-16	5.0
1028048	2131459	2008-07-04	5.0
1429071	1477448	2007-11-11	5.0
1375854	4271894	2011-01-07	5.0
1439277	1914652	2008-04-25	3.0
1241740	1303340	2007-12-22	5.0
1155544	1949328	2011-09-04	3.0
1188725	3011091	2010-03-26	4.0
1548160	3262939	2009-03-30	3.0
15560740	1428175	2011-10-31	4.0
1547718	3126187	2008-10-05	4.0
1724617	3312633	2010-01-03	4.0
14192044	1297863	2012-02-05	5.0
1077911	1296557	2012-07-20	5.0
1188935	3073124	2009-11-09	4.0
1188419	3087326	2010-04-10	3.0
1513194	1297223	2007-04-24	5.0
1155874	1780330	2011-02-04	3.0
1578047	2248526	2008-12-17	3.0
1146587	1294588	2012-12-21	4.0
1188178	1301445	2007-03-25	3.0
1444612	1997679	2008-09-04	3.0
1912224	10574468	2013-03-26	3.0
1262350	1444534	2007-09-11	5.0
1856237	6905169	2012-12-03	4.0
1759323	2072478	2010-08-19	5.0
1389239	2300586	2009-11-21	5.0
1376582	4202302	2011-07-08	4.0
1374126	1302425	2009-04-06	3.0
1098096	2326212	2010-01-13	4.0
1619240	2303163	2011-01-15	3.0
1163334	1292226	2010-09-13	5.0
1922762	3005875	2010-03-07	4.0
1021949	6523520	2012-09-05	3.0
1077137	1308751	2006-01-10	4.0
1001824	2044089	2008-10-15	3.0
1120332	1306029	2010-01-26	5.0
1104177	5977835	2012-03-09	4.0
1062803	1482090	2007-11-07	5.0
1478134	1794793	2008-10-02	5.0
1183255	3771562	2012-09-20	3.0
1265198	3793023	2010-08-17	5.0
1843712	6799191	2012-07-21	4.0
1445394	1301578	2007-04-14	5.0
1562881	1436900	2009-06-15	4.0
1519068	1889323	2010-01-09	4.0
1024535	4116939	2010-12-02	5.0
12891832	1482102	2010-02-02	3.0
1837122	1299112	2009-09-04	4.0
1837285	1306008	2009-04-09	4.0
12824402	1294549	2009-11-19	5.0
16957657	1865154	2012-09-24	5.0
1019104	1293839	2008-02-05	5.0
1240164	1295865	2010-09-22	5.0
1328719	1947144	2007-12-02	3.0
1437248	3730636	2009-11-15	4.0
1659203	1788392	2008-06-11	4.0
1481568	1303203	2013-04-03	3.0
15555527	4896263	2011-04-02	3.0
1471982	1301498	2009-12-27	5.0
1095381	1945336	2009-12-06	3.0
13850155	1295038	2011-01-25	4.0
12793303	1950148	2009-10-01	3.0
1221460	3641108	2011-05-28	3.0
1973614	6225992	2012-11-04	3.0
1519068	3986493	2010-11-01	4.0
1410753	1440937	2008-07-29	3.0
10204069	1433736	2010-04-08	3.0
14405955	3074503	2010-07-22	4.0
1085785	1291833	2009-11-27	3.0
1434331	1499148	2008-04-06	3.0
1429071	1292722	2007-03-09	5.0
1168282	1308799	2006-05-16	3.0
1785177	1859036	2009-03-30	4.0
1803869	1307807	2009-05-13	3.0
1610954	2294568	2009-06-01	4.0
17864482	13939691	2012-11-16	4.0
1776595	3626372	2011-06-05	5.0
1745941	1395471	2013-03-25	4.0
1058420	1420080	2013-03-04	5.0
1254043	6731985	2012-12-19	4.0
1811469	1947089	2008-01-01	5.0
1821909	1293145	2009-06-10	5.0
1029437	2083869	2007-06-24	5.0
1859564	1461403	2012-02-28	4.0
1429550	1864290	2008-04-26	4.0
1027205	1307332	2010-11-21	5.0
1395011	1295923	2007-01-21	5.0
1798439	3324425	2009-01-13	4.0
1474706	3562827	2009-12-22	4.0
1828101	1301726	2009-01-06	3.0
1907423	1299900	2009-02-18	5.0
1489463	1299048	2008-11-28	3.0
1016432	4922787	2013-02-04	5.0
17734699	6717573	2012-10-31	4.0
1082347	1759386	2010-04-04	3.0
1091925	1949369	2008-10-13	5.0
1097437	3569943	2011-12-02	3.0
1448104	1299365	2007-03-03	4.0
1531270	6424025	2012-06-08	3.0
1000232	1293764	2005-11-20	5.0
14767113	1293531	2010-04-02	5.0
1441414	2368641	2010-05-20	3.0
1143951	1793909	2008-12-19	3.0
15581798	1308995	2010-08-01	3.0
16447183	1308482	2010-04-24	3.0
1834295	5502697	2012-11-06	3.0
1524432	1783457	2009-02-23	4.0
1386560	1306733	2007-04-13	3.0
1594132	1293867	2011-06-03	3.0
1786302	1292001	2013-04-20	5.0
1157487	1307372	2009-10-13	4.0
1104688	2229576	2008-09-18	3.0
1685709	1866479	2012-12-14	4.0
1427140	3305873	2009-04-10	4.0
1063713	1298898	2007-01-24	4.0
1755711	2028027	2010-03-11	5.0
1427152	6101834	2011-11-10	4.0
1775406	1466007	2012-10-27	4.0
1346653	3771562	2012-09-22	4.0
1470430	1299560	2010-08-27	5.0
1180595	1292720	2008-06-16	5.0
1520844	6804960	2012-01-30	4.0
1623741	10733231	2013-05-17	4.0
1396849	3412830	2010-10-31	3.0
1848131	4305436	2010-12-12	5.0
1767832	1297518	2010-08-21	4.0
1327676	1900841	2011-02-20	5.0
1059916	3808604	2010-12-13	5.0
1613887	3338821	2008-11-16	4.0
1405750	1303731	2008-02-11	4.0
1810467	11587489	2012-12-20	3.0
1828101	3011051	2010-04-23	3.0
1766990	1291561	2008-07-01	5.0
1000270	3053260	2008-10-13	4.0
1420012	4707224	2012-03-29	5.0
1256620	1890784	2010-01-14	4.0
1368165	1291581	2010-09-09	5.0
17734699	1291549	2010-08-29	5.0
1490272	1299288	2007-04-14	4.0
1526719	20395646	2013-02-12	4.0
1153585	1292329	2008-09-21	5.0
1854636	1295120	2008-06-19	4.0
1537538	1293531	2008-07-07	5.0
1019579	1300912	2006-05-30	4.0
1692370	1767042	2012-01-11	5.0
1536790	5355157	2012-08-23	4.0
1840538	3778246	2009-12-08	4.0
1465193	3230459	2008-10-07	4.0
1002071	1297447	2005-09-28	5.0
1536775	2002683	2009-09-09	4.0
1409202	1295068	2007-05-03	5.0
1963430	2976123	2008-10-15	3.0
1105135	1301509	2007-04-27	3.0
1489916	1428175	2009-12-01	4.0
1021156	1484187	2009-12-02	3.0
1091789	1303913	2008-02-16	4.0
1074009	2163206	2010-02-01	3.0
1430139	4206357	2012-03-26	4.0
1329534	1307914	2007-10-13	5.0
1195875	1291571	2007-04-23	4.0
1244578	1938587	2008-11-30	4.0
1204719	1417036	2006-09-13	5.0
1014733	3312633	2010-03-13	4.0
1955301	3222657	2009-05-20	3.0
1945862	3541415	2011-04-07	5.0
1331031	1482072	2007-01-09	3.0
13089936	3443389	2011-08-17	5.0
1518552	1295452	2011-12-18	4.0
1810658	5977836	2012-02-01	3.0
1187396	1298644	2008-12-31	3.0
1065709	1820156	2008-01-01	3.0
1136513	1441060	2007-08-19	4.0
1230725	1316510	2007-05-03	3.0
1383672	1296436	2007-04-28	4.0
1691166	1292056	2013-04-26	4.0
1948160	2969282	2009-03-03	4.0
1534343	3036997	2008-06-29	3.0
15400541	4212172	2013-01-10	5.0
1766990	1295933	2009-09-06	3.0
1064298	3670447	2010-05-15	3.0
1001546	2209573	2009-02-22	4.0
1169305	7155083	2012-07-07	3.0
1490959	1914682	2007-12-16	3.0
1772003	2056693	2011-01-09	5.0
1104715	1306526	2011-11-02	4.0
13947962	1293124	2010-03-16	3.0
1338455	1291867	2009-09-26	4.0
1427451	1308699	2008-06-15	4.0
1702350	1292216	2012-06-18	3.0
1799693	3004532	2011-12-06	3.0
1020169	1291841	2007-12-06	5.0
1106768	1308587	2013-05-15	3.0
1372978	10528835	2013-01-12	3.0
1125189	1881254	2006-11-18	3.0
1969048	1308799	2008-07-27	4.0
1527429	1295253	2007-11-28	5.0
1851308	1305541	2008-07-31	3.0
1234663	2054933	2008-11-11	3.0
1297804	1307014	2012-10-18	4.0
1071689	3233635	2011-09-08	4.0
1800154	2132477	2010-05-28	3.0
1427152	1292274	2008-05-23	4.0
1019799	1294417	2006-05-30	4.0
1365324	1292286	2008-12-17	4.0
1411963	1298874	2008-07-13	3.0
1086537	1419933	2010-09-30	3.0
1046403	1309015	2006-09-15	3.0
1891829	1304102	2009-05-05	3.0
1072280	1301222	2012-08-17	3.0
1799950	6991110	2013-03-11	3.0
1431500	4068816	2009-06-02	4.0
1415316	2979860	2010-12-02	5.0
1965181	4905028	2010-10-12	3.0
1788289	1295124	2007-08-24	5.0
1230151	4301278	2012-05-12	3.0
1383864	4301043	2012-01-04	3.0
1091147	6001034	2011-10-11	3.0
1416209	1923474	2008-05-08	5.0
1088808	1390021	2006-02-08	4.0
1805593	3642866	2011-05-07	4.0
1757791	1307690	2009-07-05	4.0
1223841	1293164	2009-07-30	3.0
1001221	1316572	2006-12-02	4.0
10450961	3158990	2010-12-25	5.0
1037900	3264852	2009-06-28	3.0
1200852	1307690	2010-01-30	5.0
10834287	4217426	2011-04-16	4.0
1397190	1292217	2010-04-22	5.0
16021863	1455849	2009-10-15	5.0
1344183	1293607	2008-01-09	3.0
14582037	10617158	2013-02-20	5.0
1427265	1308817	2008-11-28	4.0
1850007	2154096	2010-07-09	5.0
1717399	2002683	2008-07-14	3.0
1537538	1485260	2009-01-13	5.0
1128442	6859640	2013-03-31	4.0
1857186	2038174	2008-05-17	3.0
1016278	11620863	2013-02-03	3.0
1231288	4253447	2010-09-14	4.0
1769954	5370003	2013-02-02	4.0
1002987	1300089	2009-09-01	3.0
16359286	2154743	2011-05-28	4.0
1888097	1293792	2009-12-18	3.0
1220747	2037796	2011-11-17	4.0
1033190	1292659	2005-12-09	3.0
1709809	2997325	2013-02-02	5.0
1136492	1972729	2011-11-19	4.0
1327929	1294958	2007-09-10	4.0
10036917	3006772	2010-10-09	4.0
1783945	1310159	2011-12-30	3.0
18275012	1298070	2010-04-15	5.0
14099645	4016485	2011-11-12	4.0
1618454	1305201	2010-06-04	3.0
1523320	2059225	2008-11-05	4.0
1169108	3196686	2010-12-21	4.0
1337856	3005875	2012-12-10	4.0
1424088	2254648	2010-01-10	5.0
17734699	3218596	2011-06-07	5.0
1452874	3195060	2010-07-07	4.0
1471982	1295124	2007-06-12	5.0
1668536	1476023	2007-12-17	3.0
14811904	2275370	2010-06-04	4.0
1772384	4888039	2010-07-09	5.0
1196236	3274505	2013-03-05	4.0
1427451	2070367	2008-09-04	4.0
1082867	4858784	2011-08-19	3.0
17436503	3986493	2012-06-23	5.0
1185914	3217165	2010-12-23	5.0
1715096	1866424	2008-03-11	3.0
10687289	1292274	2009-10-03	5.0
14266942	10533578	2012-03-19	5.0
1781916	1937257	2009-12-15	4.0
1277823	1792928	2009-04-09	4.0
17339748	1297995	2011-06-23	4.0
1067865	1292215	2005-12-20	5.0
1281535	1849031	2010-10-13	5.0
1311081	2359431	2008-10-30	4.0
10015280	1302604	2013-02-13	4.0
1032989	2138404	2011-06-23	4.0
1232428	1295647	2012-07-29	5.0
1046914	1422957	2006-04-03	4.0
15367255	4180445	2012-12-14	4.0
1339771	1419872	2009-08-15	3.0
1537538	3873960	2009-11-09	3.0
1503770	1305666	2012-08-16	4.0
1514475	1309220	2008-06-07	4.0
1152541	1307739	2006-05-29	5.0
1391755	2031438	2009-08-31	4.0
1212611	2063596	2008-07-10	3.0
1399456	1309206	2012-03-03	5.0
1786380	1905777	2008-04-05	4.0
1302555	3072124	2009-10-25	3.0
1837547	1309101	2010-02-15	4.0
1196919	2974278	2011-10-04	3.0
1097525	1474045	2006-08-15	4.0
1964753	4294119	2011-03-16	3.0
1150251	1292343	2006-09-23	5.0
1767462	1308599	2012-11-04	5.0
17734699	1465081	2012-05-25	5.0
17182481	1760828	2010-12-31	4.0
1860749	3148584	2009-06-05	3.0
1137004	2051007	2010-12-01	4.0
1564409	3077791	2010-04-02	3.0
1067886	2976123	2008-09-13	4.0
1117463	2059529	2008-10-17	5.0
1305234	1401118	2010-08-19	3.0
18341181	1294323	2010-08-29	4.0
1532876	3103418	2011-08-01	4.0
1021949	1300868	2012-08-31	4.0
1767634	3005387	2011-10-29	5.0
